50
150
23 34 
33 22 
11 29 
26 38 
3 11 
29 16 
29 37 
33 13 
45 11 
34 11 
6 16 
42 11 
14 13 
28 22 
28 49 
2 25 
38 33 
3 49 
42 3 
25 36 
28 34 
13 3 
26 16 
42 9 
45 29 
26 34 
16 36 
16 50 
11 9 
9 42 
25 23 
45 26 
28 16 
30 8 
22 34 
22 49 
26 14 
3 22 
41 3 
23 3 
45 42 
49 11 
29 33 
8 11 
3 25 
23 50 
16 26 
9 37 
2 28 
38 28 
38 42 
50 26 
9 3 
33 14 
14 8 
26 45 
23 33 
28 6 
38 41 
33 38 
36 3 
14 33 
16 8 
13 21 
6 45 
6 13 
8 30 
49 43 
49 5 
13 20 
11 10 
14 31 
49 17 
34 1 
9 44 
3 31 
8 15 
11 44 
30 48 
36 17 
30 10 
38 43 
10 12 
47 15 
15 39 
48 5 
32 46 
20 39 
12 4 
44 46 
24 35 
48 7 
32 46 
17 4 
17 46 
7 44 
4 15 
35 46 
39 18 
19 10 
27 24 
20 4 
5 31 
27 17 
18 31 
18 24 
7 35 
4 27 
27 40 
46 5 
1 12 
27 17 
18 32 
39 7 
18 15 
35 40 
35 5 
40 18 
1 20 
20 40 
20 32 
43 20 
40 24 
27 15 
47 48 
15 20 
24 47 
24 12 
32 10 
15 19 
31 20 
46 10 
44 17 
39 15 
17 35 
10 24 
43 47 
18 17 
24 1 
46 24 
46 15 
17 31 
39 20 
12 24 
44 47 
18 32 
17 7 
40 15 
35 27 
47 12 
