500
3500
336 53 
486 182 
441 1 
131 30 
359 232 
345 325 
431 62 
328 444 
226 315 
246 384 
367 98 
489 465 
494 107 
30 212 
33 432 
256 454 
147 240 
262 330 
199 136 
315 486 
164 229 
462 225 
36 316 
241 342 
227 409 
25 293 
122 64 
184 315 
352 397 
261 419 
239 380 
483 148 
260 178 
281 140 
438 236 
98 402 
20 86 
410 101 
137 339 
420 173 
359 302 
148 402 
342 271 
498 367 
397 337 
413 316 
345 496 
362 200 
428 379 
334 184 
319 326 
257 402 
58 57 
231 458 
114 314 
174 334 
393 314 
468 398 
413 417 
253 359 
66 330 
343 215 
8 140 
42 216 
293 248 
212 278 
348 18 
275 451 
266 489 
408 140 
144 293 
54 249 
118 417 
420 232 
92 53 
207 140 
178 52 
351 302 
350 325 
67 482 
99 496 
338 246 
373 350 
175 291 
158 211 
26 297 
413 330 
370 336 
100 489 
489 356 
370 119 
144 240 
298 494 
132 276 
378 441 
274 422 
359 302 
397 67 
425 385 
223 339 
198 274 
180 225 
451 338 
389 216 
332 24 
111 489 
472 25 
33 315 
367 291 
322 227 
287 262 
190 163 
253 235 
30 111 
47 208 
20 276 
345 358 
201 136 
230 101 
309 132 
238 489 
208 79 
223 34 
486 450 
47 478 
438 180 
465 462 
389 144 
161 325 
267 99 
112 98 
438 208 
238 315 
125 303 
451 485 
271 92 
339 188 
420 315 
78 435 
498 468 
236 253 
350 325 
182 140 
249 489 
52 102 
77 275 
321 235 
498 122 
402 328 
472 496 
256 373 
419 466 
326 204 
201 361 
10 465 
397 175 
378 188 
109 24 
470 324 
99 291 
343 80 
92 274 
321 22 
200 112 
148 54 
1 417 
370 257 
78 1 
37 367 
405 321 
483 188 
223 402 
30 148 
246 109 
141 225 
294 200 
248 337 
276 396 
65 200 
159 358 
486 158 
184 326 
382 211 
293 36 
18 92 
267 193 
201 370 
61 114 
278 71 
302 411 
66 241 
223 316 
114 47 
239 351 
64 248 
261 339 
302 358 
20 329 
417 425 
136 314 
65 64 
378 223 
20 65 
208 450 
81 66 
461 303 
180 147 
22 86 
466 190 
226 100 
490 339 
220 109 
466 379 
217 321 
104 419 
126 81 
287 232 
494 131 
262 486 
499 264 
82 1 
253 107 
92 30 
98 232 
324 44 
450 281 
302 112 
136 236 
18 435 
30 398 
236 65 
180 478 
271 309 
461 340 
34 173 
432 71 
338 109 
432 298 
62 58 
158 294 
12 431 
416 339 
326 136 
490 92 
200 118 
336 91 
408 86 
92 483 
215 44 
470 367 
478 301 
380 141 
291 275 
161 303 
102 291 
104 116 
410 468 
297 180 
36 54 
259 314 
235 92 
112 358 
287 91 
223 122 
313 220 
10 8 
246 482 
389 241 
314 136 
34 64 
32 361 
309 483 
98 379 
276 61 
131 77 
232 419 
470 223 
104 417 
44 411 
125 328 
24 12 
223 174 
419 136 
212 42 
98 36 
164 125 
193 108 
53 262 
438 118 
204 78 
122 267 
53 82 
36 345 
65 33 
432 99 
351 332 
22 447 
271 164 
435 389 
144 450 
173 99 
385 227 
275 98 
259 342 
302 36 
42 314 
297 144 
225 215 
447 337 
239 385 
175 226 
294 82 
73 404 
66 32 
58 163 
408 301 
417 337 
58 362 
396 180 
309 238 
472 303 
158 378 
489 220 
174 18 
294 229 
37 126 
47 258 
458 161 
361 246 
163 199 
351 420 
313 128 
454 87 
348 356 
337 367 
10 373 
240 136 
331 18 
287 405 
158 253 
305 422 
77 207 
159 163 
352 262 
320 259 
164 157 
225 101 
438 274 
262 18 
157 87 
419 125 
472 132 
316 331 
18 159 
87 61 
359 164 
362 208 
432 408 
468 36 
126 490 
111 331 
148 361 
178 29 
478 225 
373 246 
490 215 
294 246 
490 291 
482 385 
454 47 
419 293 
461 470 
125 303 
291 107 
236 240 
267 331 
100 223 
324 174 
393 241 
334 86 
26 131 
8 441 
367 309 
147 489 
199 226 
331 114 
42 422 
409 397 
438 262 
483 229 
102 322 
490 141 
26 319 
67 109 
496 329 
382 26 
40 328 
410 137 
410 201 
498 249 
144 402 
61 109 
266 438 
173 291 
259 305 
12 262 
378 385 
79 235 
482 159 
36 405 
367 118 
278 379 
204 345 
147 291 
47 330 
188 461 
313 321 
100 20 
425 389 
81 82 
101 137 
99 80 
489 238 
163 118 
36 330 
291 337 
137 313 
178 421 
62 230 
125 188 
62 80 
235 420 
111 352 
107 144 
67 239 
411 461 
431 44 
478 37 
220 420 
77 411 
257 256 
420 458 
164 22 
212 271 
358 54 
329 373 
267 351 
281 141 
342 428 
348 215 
256 267 
330 451 
229 489 
396 325 
303 211 
53 413 
385 398 
239 225 
79 380 
67 148 
78 343 
253 188 
184 342 
397 342 
352 102 
458 33 
215 200 
104 382 
232 438 
316 161 
8 340 
305 86 
267 451 
267 367 
373 159 
137 106 
212 57 
231 158 
231 147 
358 76 
303 53 
163 81 
118 62 
36 359 
271 328 
431 126 
91 462 
136 24 
37 385 
101 444 
314 157 
470 99 
178 339 
498 447 
158 118 
408 225 
205 81 
256 438 
136 193 
40 402 
101 240 
223 297 
494 29 
334 458 
302 36 
225 461 
397 1 
198 76 
271 78 
342 321 
485 441 
29 385 
478 164 
262 397 
111 87 
182 478 
37 256 
205 422 
419 431 
29 342 
393 465 
116 256 
494 58 
264 358 
40 358 
466 47 
470 314 
73 358 
92 226 
239 396 
278 258 
73 137 
470 342 
26 208 
322 267 
431 320 
389 208 
230 260 
257 54 
118 326 
485 158 
444 378 
205 257 
281 326 
261 109 
180 267 
404 468 
352 416 
147 164 
262 116 
53 235 
204 238 
122 253 
34 100 
404 339 
82 393 
297 73 
161 431 
425 435 
352 26 
373 498 
447 303 
20 24 
261 342 
465 359 
61 447 
343 337 
40 174 
30 42 
239 109 
73 499 
438 148 
112 175 
336 450 
1 260 
47 422 
367 313 
499 305 
100 398 
275 98 
348 411 
332 485 
271 144 
328 337 
420 393 
173 420 
240 180 
419 100 
267 53 
20 184 
297 226 
359 266 
204 144 
222 158 
348 281 
278 478 
200 91 
212 114 
136 370 
212 319 
483 1 
114 144 
54 249 
257 322 
274 77 
116 119 
229 409 
230 20 
482 294 
66 287 
321 147 
257 26 
92 271 
325 253 
66 339 
109 262 
462 136 
78 58 
278 313 
1 326 
396 109 
118 101 
91 425 
132 220 
239 470 
173 112 
26 190 
428 316 
112 235 
287 267 
128 301 
264 257 
111 379 
140 99 
489 393 
241 220 
119 315 
396 208 
98 161 
326 478 
315 266 
12 361 
42 78 
303 266 
451 159 
267 112 
315 410 
10 215 
122 92 
208 486 
208 499 
301 208 
236 462 
257 396 
246 278 
76 42 
116 232 
216 421 
220 207 
236 431 
339 18 
226 42 
362 26 
104 319 
44 217 
319 22 
227 472 
352 159 
261 163 
431 405 
343 1 
42 20 
404 99 
18 264 
40 1 
408 393 
319 248 
466 132 
184 494 
37 489 
216 499 
294 398 
428 258 
8 362 
225 348 
54 220 
98 398 
325 208 
44 339 
270 178 
431 490 
334 125 
320 231 
348 324 
101 486 
450 261 
468 359 
325 73 
336 468 
182 57 
303 79 
32 278 
175 345 
351 404 
211 132 
18 408 
144 315 
33 141 
348 184 
24 358 
128 298 
25 438 
320 380 
226 470 
114 102 
236 204 
8 193 
350 82 
98 248 
435 225 
98 435 
351 79 
193 337 
396 10 
24 297 
58 358 
92 223 
339 122 
32 345 
345 40 
239 267 
238 79 
47 461 
180 373 
118 132 
62 338 
337 1 
109 324 
47 494 
52 339 
225 379 
490 227 
342 287 
131 71 
25 22 
26 361 
100 342 
261 329 
67 309 
420 132 
267 483 
393 212 
67 370 
222 227 
379 47 
454 419 
419 373 
271 301 
229 207 
320 458 
222 200 
122 274 
420 409 
266 261 
52 47 
223 111 
112 25 
380 44 
466 12 
294 217 
34 428 
190 67 
230 404 
398 71 
231 425 
158 319 
71 267 
215 226 
223 379 
322 208 
193 260 
178 322 
450 417 
264 278 
53 482 
86 416 
99 25 
131 66 
58 466 
159 53 
325 26 
281 58 
86 421 
350 485 
496 339 
468 303 
447 157 
248 315 
53 118 
236 348 
157 163 
235 108 
324 384 
20 258 
370 102 
278 1 
370 361 
53 148 
435 33 
264 22 
101 86 
419 298 
293 267 
200 79 
36 200 
20 420 
106 486 
157 421 
207 316 
342 148 
205 199 
498 359 
26 44 
161 73 
66 18 
379 163 
425 141 
450 126 
240 362 
486 320 
262 132 
231 336 
248 262 
47 163 
316 241 
158 408 
190 379 
264 223 
413 351 
73 128 
461 174 
246 229 
249 405 
58 343 
411 291 
157 294 
86 428 
62 174 
101 240 
276 66 
298 472 
384 297 
313 316 
490 302 
61 164 
22 226 
164 428 
380 118 
267 216 
241 86 
274 262 
246 24 
199 402 
140 408 
320 217 
367 116 
199 65 
199 410 
482 438 
12 26 
20 454 
108 450 
264 193 
324 320 
67 248 
336 108 
30 293 
20 451 
173 230 
278 1 
231 175 
107 322 
461 266 
238 267 
334 498 
137 321 
258 274 
144 404 
422 30 
465 217 
208 137 
422 223 
458 235 
384 128 
220 140 
140 393 
188 465 
246 107 
367 270 
425 188 
163 362 
329 470 
405 253 
158 25 
258 461 
240 409 
53 132 
106 447 
450 25 
208 235 
325 24 
223 444 
30 385 
380 171 
331 216 
294 44 
47 106 
373 293 
215 73 
248 309 
276 465 
468 227 
359 99 
8 201 
470 163 
373 330 
345 458 
180 212 
136 238 
413 64 
100 454 
78 174 
274 339 
266 126 
301 125 
332 494 
111 212 
164 378 
257 137 
198 494 
141 118 
256 54 
67 201 
40 87 
298 205 
454 236 
73 241 
12 454 
159 402 
444 33 
98 20 
417 416 
230 410 
67 316 
485 81 
230 161 
483 405 
223 238 
24 79 
105 161 
42 361 
266 274 
184 62 
37 64 
432 362 
334 222 
373 468 
329 42 
44 326 
337 253 
261 249 
32 352 
432 444 
18 141 
478 77 
102 137 
361 184 
112 379 
486 405 
321 398 
47 330 
278 92 
320 337 
330 410 
402 208 
105 128 
410 420 
171 180 
37 485 
40 126 
71 490 
66 358 
79 432 
10 297 
352 264 
409 420 
351 499 
384 465 
200 428 
261 324 
109 454 
159 249 
1 62 
478 396 
496 81 
348 260 
293 104 
441 276 
253 370 
104 278 
396 305 
118 257 
362 118 
380 393 
10 178 
158 326 
380 421 
44 329 
34 182 
25 171 
159 132 
258 320 
336 24 
148 447 
397 270 
65 352 
238 107 
338 404 
30 313 
498 98 
384 173 
126 324 
61 410 
256 223 
32 435 
422 352 
253 159 
114 184 
385 201 
217 485 
322 419 
432 128 
246 112 
432 246 
417 212 
362 447 
107 334 
8 334 
108 126 
267 396 
483 118 
240 339 
350 275 
112 389 
104 64 
478 458 
419 351 
238 315 
384 157 
158 44 
215 248 
378 351 
351 342 
140 259 
328 125 
409 42 
20 402 
8 340 
270 444 
444 99 
396 260 
380 396 
157 385 
380 164 
62 10 
223 259 
411 10 
62 79 
435 144 
270 190 
461 30 
370 270 
190 316 
278 358 
378 499 
225 107 
232 201 
144 92 
261 264 
207 122 
329 100 
73 217 
324 470 
396 259 
298 76 
267 338 
53 330 
302 466 
420 352 
361 200 
438 389 
301 316 
419 131 
270 73 
379 220 
274 454 
99 58 
32 248 
261 313 
276 302 
313 342 
336 164 
408 107 
356 409 
438 325 
329 298 
105 22 
80 315 
32 331 
147 384 
98 258 
81 256 
351 382 
20 164 
319 271 
348 267 
80 104 
10 276 
257 249 
384 114 
432 379 
293 410 
67 158 
483 428 
236 200 
278 235 
483 105 
380 321 
246 132 
173 229 
111 99 
398 178 
362 99 
107 332 
61 140 
207 328 
140 30 
420 204 
111 158 
132 451 
441 256 
116 164 
490 413 
8 42 
109 465 
140 370 
73 26 
198 425 
302 332 
461 225 
125 57 
380 326 
398 58 
37 57 
211 370 
413 212 
42 337 
320 350 
190 261 
33 87 
373 25 
278 320 
352 226 
180 340 
253 358 
362 119 
220 435 
447 486 
348 373 
137 334 
316 100 
126 276 
159 163 
313 116 
417 450 
238 358 
261 313 
92 482 
435 62 
274 451 
104 77 
29 67 
40 222 
215 116 
444 215 
314 417 
264 370 
316 294 
211 294 
451 257 
458 482 
321 64 
256 29 
278 316 
496 65 
77 478 
435 37 
30 211 
112 178 
384 315 
358 200 
358 249 
32 356 
81 373 
136 382 
301 159 
236 291 
489 405 
297 298 
319 384 
239 409 
499 293 
410 216 
356 336 
112 53 
428 342 
441 454 
137 159 
106 461 
314 81 
52 489 
328 137 
188 447 
432 42 
409 482 
159 77 
468 40 
499 58 
148 100 
240 331 
8 428 
226 80 
470 271 
227 343 
410 253 
266 461 
301 350 
411 359 
216 385 
393 225 
171 332 
361 18 
472 131 
101 126 
466 161 
225 180 
200 52 
205 483 
411 485 
270 490 
298 126 
205 157 
109 494 
417 370 
220 398 
226 257 
98 205 
444 98 
472 86 
389 217 
451 408 
458 338 
8 352 
161 432 
118 227 
302 494 
112 207 
470 275 
483 309 
411 173 
236 359 
320 490 
298 422 
498 220 
345 109 
302 275 
116 496 
336 86 
229 53 
223 184 
398 12 
348 112 
411 231 
104 321 
319 201 
158 313 
193 80 
322 380 
199 451 
188 409 
40 171 
494 441 
338 451 
370 483 
37 465 
107 158 
227 293 
26 65 
393 231 
345 231 
451 198 
316 256 
126 65 
281 42 
239 147 
343 396 
36 303 
258 204 
236 29 
164 82 
25 87 
373 226 
396 193 
444 343 
373 141 
159 241 
253 22 
278 99 
444 321 
106 281 
10 22 
40 229 
287 329 
420 385 
87 105 
259 256 
422 322 
175 198 
71 125 
54 211 
122 42 
319 208 
253 428 
319 389 
62 309 
25 416 
338 413 
109 417 
220 483 
270 385 
267 44 
483 157 
281 274 
451 157 
229 22 
87 24 
428 451 
248 10 
348 80 
483 105 
324 200 
159 328 
212 326 
201 405 
220 80 
315 131 
322 294 
136 447 
260 270 
338 226 
226 248 
132 52 
76 86 
226 182 
223 37 
490 109 
478 102 
348 36 
26 329 
190 236 
485 73 
22 8 
232 489 
411 78 
157 450 
109 324 
61 258 
462 396 
236 444 
411 125 
227 73 
275 291 
229 109 
148 420 
18 490 
274 270 
483 328 
64 482 
144 104 
180 81 
421 217 
163 490 
241 326 
468 229 
351 225 
358 315 
229 118 
298 216 
305 40 
102 417 
199 144 
367 25 
340 157 
198 239 
212 485 
20 77 
24 380 
281 57 
12 454 
64 208 
302 490 
274 482 
114 266 
465 159 
465 478 
334 413 
405 325 
378 330 
384 468 
107 24 
140 99 
64 112 
428 122 
211 44 
338 20 
144 389 
212 190 
223 462 
486 157 
119 184 
343 422 
231 235 
36 230 
87 320 
109 147 
478 320 
78 326 
322 337 
461 71 
249 498 
34 496 
24 361 
482 405 
490 230 
293 32 
257 361 
61 200 
264 314 
122 421 
204 37 
208 378 
397 494 
164 235 
328 373 
105 112 
416 118 
98 466 
225 320 
198 411 
408 227 
370 264 
450 158 
107 211 
421 161 
468 32 
281 112 
208 451 
499 125 
1 236 
486 314 
260 64 
322 67 
216 257 
271 141 
91 207 
253 411 
384 126 
303 472 
119 128 
287 71 
175 490 
441 198 
356 53 
104 231 
215 348 
315 184 
208 211 
239 498 
342 193 
494 188 
111 340 
393 315 
62 198 
411 498 
239 373 
29 373 
362 485 
482 141 
231 175 
178 119 
382 144 
119 18 
52 470 
240 253 
305 358 
494 82 
324 66 
411 226 
410 450 
398 338 
382 238 
321 239 
472 47 
163 198 
291 131 
361 207 
378 478 
238 141 
485 208 
235 116 
230 246 
66 64 
73 193 
259 332 
136 137 
478 271 
324 53 
303 141 
454 313 
86 223 
226 86 
438 239 
314 345 
147 53 
246 450 
264 404 
25 348 
324 266 
405 12 
208 314 
411 356 
158 287 
328 411 
259 20 
370 204 
32 57 
490 316 
315 64 
58 78 
332 384 
358 238 
325 73 
489 498 
336 184 
1 450 
361 246 
338 147 
316 82 
405 267 
419 225 
319 326 
362 321 
331 98 
12 362 
10 238 
261 321 
240 164 
275 404 
275 25 
483 165 
77 394 
330 377 
454 377 
334 89 
249 46 
432 170 
274 452 
57 414 
324 434 
351 210 
231 377 
322 310 
435 209 
204 143 
373 443 
314 437 
291 366 
379 488 
62 341 
325 245 
302 85 
345 443 
302 296 
30 344 
132 487 
425 133 
258 165 
262 189 
359 103 
71 186 
458 434 
79 487 
246 152 
109 237 
86 243 
417 250 
260 181 
238 49 
12 449 
235 35 
321 243 
258 455 
25 224 
385 185 
22 282 
359 135 
205 48 
293 357 
190 310 
18 88 
293 135 
125 307 
494 27 
259 433 
417 477 
393 363 
12 221 
380 69 
472 49 
40 386 
382 219 
173 170 
409 374 
193 155 
198 453 
227 133 
232 9 
226 263 
125 19 
258 38 
190 477 
118 412 
396 433 
79 463 
223 218 
259 48 
128 169 
116 392 
328 335 
25 172 
114 181 
270 88 
370 284 
267 443 
100 369 
466 43 
102 391 
33 5 
193 286 
482 6 
431 74 
438 395 
361 214 
163 96 
128 349 
104 237 
485 83 
486 85 
253 279 
486 386 
287 5 
216 255 
297 243 
249 445 
408 290 
498 11 
264 134 
260 195 
36 464 
173 155 
161 74 
301 23 
264 412 
159 360 
278 195 
373 243 
303 21 
107 117 
112 75 
435 423 
77 5 
378 221 
188 263 
490 357 
223 365 
91 333 
454 219 
489 268 
147 414 
220 392 
262 436 
422 27 
402 306 
106 28 
211 234 
345 426 
114 68 
278 45 
291 103 
458 85 
238 165 
393 181 
313 59 
496 360 
223 366 
78 307 
450 475 
34 471 
382 376 
461 19 
334 446 
278 152 
271 5 
343 165 
226 153 
78 189 
230 69 
329 433 
297 181 
348 283 
287 234 
157 4 
287 138 
207 88 
232 96 
104 360 
281 430 
116 38 
108 88 
205 446 
404 437 
240 133 
356 394 
101 210 
358 191 
332 311 
422 288 
82 250 
322 500 
404 474 
106 176 
44 480 
338 152 
223 277 
340 323 
114 19 
402 364 
54 310 
470 285 
397 479 
220 46 
370 268 
53 312 
342 285 
259 9 
73 429 
384 443 
413 186 
132 455 
178 333 
334 19 
199 360 
91 406 
71 4 
408 74 
57 165 
104 440 
54 41 
359 268 
420 210 
208 172 
370 121 
174 68 
40 290 
382 16 
385 327 
236 255 
321 464 
82 242 
438 390 
287 31 
397 394 
287 381 
249 471 
261 89 
26 138 
275 75 
293 237 
420 90 
104 263 
239 38 
322 448 
275 346 
193 463 
20 23 
271 94 
20 467 
410 497 
246 423 
86 189 
77 477 
278 353 
87 449 
174 371 
109 95 
184 456 
227 263 
76 364 
405 130 
276 335 
334 124 
262 491 
314 460 
122 135 
71 479 
61 455 
382 194 
324 299 
267 23 
66 181 
315 117 
380 9 
80 460 
302 449 
322 196 
281 13 
132 363 
398 464 
389 46 
220 152 
102 115 
58 381 
175 187 
220 2 
266 150 
161 97 
208 448 
264 388 
205 299 
147 418 
204 139 
337 237 
337 120 
496 5 
405 237 
319 49 
301 394 
102 242 
62 96 
408 453 
379 475 
64 181 
262 152 
131 250 
451 372 
101 63 
305 68 
236 17 
144 366 
92 464 
52 349 
131 11 
322 491 
52 138 
54 399 
264 295 
337 151 
281 491 
30 51 
208 412 
498 233 
328 292 
320 383 
188 5 
361 308 
116 129 
384 479 
393 160 
119 459 
82 388 
287 123 
256 49 
267 49 
34 160 
193 28 
462 16 
417 453 
112 283 
109 202 
122 19 
54 344 
78 228 
193 390 
40 288 
413 452 
61 4 
178 254 
334 14 
389 150 
478 390 
497 113 
280 477 
152 169 
84 347 
304 197 
481 369 
455 19 
7 415 
94 479 
430 263 
181 74 
255 39 
488 381 
347 221 
308 145 
51 130 
63 360 
295 9 
202 357 
445 35 
162 206 
424 14 
403 488 
445 449 
196 284 
471 368 
335 346 
459 162 
401 28 
120 426 
377 437 
135 172 
195 93 
312 280 
124 224 
3 272 
394 155 
2 169 
254 197 
406 446 
376 85 
415 333 
72 210 
218 46 
168 38 
124 475 
228 31 
43 387 
23 317 
166 427 
480 153 
195 284 
250 63 
95 56 
492 455 
283 129 
471 439 
296 414 
39 153 
473 183 
500 75 
424 160 
279 252 
13 290 
455 150 
46 89 
282 308 
484 176 
283 121 
394 186 
89 285 
418 228 
89 381 
41 269 
127 335 
135 23 
13 317 
110 202 
139 169 
346 213 
273 120 
6 388 
463 440 
476 85 
484 473 
453 153 
448 312 
469 446 
195 130 
88 357 
156 16 
60 31 
460 277 
282 95 
363 242 
153 433 
369 121 
471 72 
365 94 
50 479 
214 134 
70 273 
280 11 
457 133 
463 88 
360 63 
41 196 
286 156 
455 84 
197 299 
60 400 
48 390 
491 368 
213 453 
480 172 
242 349 
135 50 
394 437 
279 269 
469 245 
312 497 
265 181 
3 375 
317 310 
115 280 
85 120 
63 368 
9 124 
68 453 
484 170 
154 51 
463 308 
353 202 
244 166 
233 35 
277 19 
306 191 
497 354 
85 170 
72 156 
15 166 
284 179 
304 16 
500 484 
196 495 
290 145 
440 364 
224 308 
372 286 
355 168 
310 436 
272 142 
14 374 
21 31 
96 242 
418 299 
90 318 
376 55 
306 127 
48 353 
363 145 
401 399 
360 442 
311 418 
460 38 
424 31 
386 84 
63 154 
233 191 
127 467 
346 500 
206 254 
197 127 
63 355 
306 476 
327 117 
170 129 
290 96 
475 203 
456 455 
492 445 
381 335 
426 386 
167 228 
21 381 
221 152 
403 390 
43 250 
346 96 
110 392 
23 383 
263 117 
430 388 
117 452 
374 9 
383 203 
455 475 
282 254 
177 460 
354 60 
376 155 
446 186 
233 185 
360 224 
403 252 
285 369 
255 90 
360 500 
354 195 
15 56 
15 481 
357 6 
448 49 
194 3 
453 388 
455 387 
469 110 
88 263 
265 446 
103 7 
333 38 
117 304 
453 48 
446 121 
436 218 
154 391 
392 473 
296 317 
268 477 
455 299 
167 292 
292 149 
481 185 
392 374 
194 60 
237 286 
139 452 
487 17 
123 214 
16 453 
94 154 
72 191 
372 457 
176 49 
300 113 
186 23 
265 446 
143 491 
387 38 
237 196 
459 418 
48 252 
469 203 
268 143 
368 195 
139 254 
381 476 
72 400 
127 391 
129 183 
467 124 
219 480 
318 63 
377 85 
41 440 
176 310 
395 252 
74 21 
283 317 
394 74 
437 474 
254 434 
59 127 
97 153 
442 471 
386 14 
284 387 
213 97 
84 360 
487 365 
500 290 
60 377 
290 4 
209 272 
195 272 
97 387 
155 56 
295 375 
251 209 
70 51 
467 487 
95 448 
247 277 
135 247 
442 464 
234 156 
145 165 
89 169 
386 311 
11 304 
273 16 
237 474 
357 38 
333 280 
68 252 
155 341 
35 268 
195 154 
363 469 
110 5 
192 480 
35 277 
299 376 
459 88 
117 323 
7 23 
460 445 
286 440 
299 272 
209 401 
488 138 
38 392 
366 155 
133 203 
383 35 
335 172 
49 123 
69 464 
464 426 
185 142 
244 169 
154 59 
169 165 
401 464 
89 353 
479 35 
93 363 
442 213 
403 443 
479 349 
85 446 
85 117 
289 491 
312 364 
433 152 
129 273 
120 3 
224 213 
154 45 
89 363 
150 308 
395 214 
181 366 
170 202 
233 70 
476 437 
97 282 
167 497 
70 74 
415 4 
120 121 
143 392 
445 387 
75 69 
455 475 
214 151 
493 263 
407 282 
475 96 
154 295 
75 150 
60 323 
479 372 
69 5 
4 387 
72 153 
48 145 
202 323 
150 39 
456 153 
376 17 
28 375 
88 16 
400 375 
210 85 
7 195 
142 252 
292 185 
129 366 
38 387 
250 213 
375 187 
134 381 
219 306 
481 134 
476 280 
170 495 
452 9 
14 280 
233 46 
162 446 
166 252 
255 90 
224 45 
194 170 
59 346 
292 41 
94 365 
445 392 
304 154 
35 166 
265 191 
308 295 
285 443 
427 35 
426 219 
28 50 
243 55 
277 84 
317 45 
46 135 
252 277 
48 355 
15 96 
423 59 
243 355 
228 323 
459 387 
424 154 
366 155 
440 341 
74 369 
165 242 
153 35 
346 3 
115 19 
481 160 
464 436 
464 130 
153 228 
55 15 
300 31 
448 97 
368 474 
2 487 
176 277 
400 9 
400 310 
491 245 
383 459 
221 149 
167 165 
133 142 
372 97 
251 153 
488 130 
9 457 
124 406 
28 177 
456 88 
395 39 
475 143 
115 423 
480 333 
424 72 
268 93 
388 152 
477 84 
433 300 
39 295 
401 38 
5 471 
427 459 
400 318 
311 327 
150 471 
187 74 
299 406 
277 219 
269 457 
85 121 
93 285 
85 97 
415 453 
151 124 
56 286 
194 492 
284 365 
172 203 
446 442 
60 133 
146 49 
464 195 
3 357 
400 335 
160 127 
49 68 
5 11 
354 172 
455 463 
439 366 
167 49 
14 377 
210 83 
395 245 
224 17 
127 395 
247 495 
203 346 
121 460 
445 234 
479 282 
269 117 
69 375 
209 60 
143 183 
427 56 
310 282 
296 363 
355 60 
363 399 
311 307 
160 46 
252 166 
113 155 
50 202 
169 31 
279 13 
90 197 
429 233 
363 295 
31 374 
306 286 
168 437 
306 121 
310 453 
374 120 
17 250 
282 134 
90 453 
16 347 
415 308 
333 72 
120 427 
196 344 
296 224 
95 28 
245 290 
471 11 
479 15 
269 203 
418 355 
142 323 
412 401 
113 426 
282 27 
284 134 
172 375 
21 285 
195 63 
341 160 
295 395 
282 401 
72 455 
346 110 
160 172 
392 152 
219 154 
484 221 
286 252 
381 318 
252 434 
407 250 
449 442 
424 11 
357 130 
369 245 
7 60 
307 299 
97 27 
354 317 
392 394 
366 473 
41 129 
2 85 
307 70 
434 237 
151 491 
168 255 
335 94 
185 457 
456 149 
94 21 
123 263 
214 177 
214 311 
381 89 
83 263 
214 371 
69 375 
317 401 
251 123 
311 455 
484 94 
479 113 
285 363 
365 433 
127 234 
341 347 
123 28 
341 395 
433 333 
412 279 
477 439 
318 19 
139 250 
68 17 
75 156 
407 110 
282 323 
286 88 
19 481 
285 280 
209 415 
353 487 
388 194 
407 488 
456 484 
151 169 
488 120 
292 17 
434 471 
9 183 
268 463 
381 390 
436 113 
282 374 
160 155 
27 400 
166 247 
446 423 
213 453 
252 424 
255 414 
151 308 
245 166 
480 49 
93 247 
202 93 
233 434 
480 395 
19 120 
300 401 
9 14 
500 395 
426 6 
213 85 
349 160 
399 349 
210 189 
176 449 
244 113 
202 251 
179 151 
427 143 
170 95 
233 475 
457 286 
48 243 
169 300 
210 357 
145 63 
424 300 
145 110 
296 469 
192 90 
406 56 
9 228 
59 295 
372 394 
183 254 
333 341 
185 317 
179 160 
51 195 
491 172 
197 355 
89 469 
115 279 
189 206 
183 247 
43 377 
311 38 
59 366 
290 72 
424 88 
269 388 
197 445 
28 347 
168 156 
192 341 
469 254 
376 473 
89 39 
495 383 
75 469 
90 75 
448 154 
365 346 
21 288 
364 46 
121 23 
5 304 
192 149 
333 300 
369 5 
70 300 
145 242 
156 16 
407 388 
185 202 
19 282 
312 55 
279 172 
308 237 
493 251 
4 272 
209 63 
48 90 
368 427 
439 117 
377 134 
247 27 
153 446 
403 371 
394 48 
228 306 
93 183 
233 280 
252 110 
49 327 
23 7 
401 497 
308 426 
387 481 
69 170 
35 3 
318 400 
196 169 
183 127 
69 445 
49 17 
375 242 
16 152 
318 84 
179 155 
279 15 
2 152 
423 346 
45 479 
347 263 
243 344 
327 391 
187 371 
89 244 
424 459 
387 299 
160 401 
283 247 
251 307 
368 45 
400 169 
268 160 
347 96 
467 263 
214 446 
166 392 
479 318 
83 196 
280 401 
28 250 
386 493 
269 75 
170 392 
49 50 
154 283 
234 307 
312 299 
427 51 
133 16 
93 484 
265 480 
300 265 
15 218 
395 252 
474 97 
437 453 
463 28 
181 167 
120 210 
41 375 
129 289 
166 300 
121 269 
392 68 
41 395 
177 383 
85 401 
17 426 
202 160 
177 391 
31 210 
412 474 
189 279 
9 335 
156 242 
90 423 
288 439 
436 244 
129 134 
120 237 
383 268 
196 430 
487 5 
318 307 
146 117 
221 251 
139 481 
399 169 
115 383 
176 407 
93 306 
48 280 
124 310 
279 426 
6 439 
124 155 
282 388 
75 172 
219 255 
383 149 
151 289 
127 152 
89 160 
347 243 
55 120 
15 45 
234 177 
473 353 
434 221 
15 430 
277 492 
296 244 
440 304 
84 491 
17 9 
124 285 
439 142 
372 242 
48 5 
391 90 
453 283 
155 247 
464 149 
279 13 
368 74 
233 43 
279 156 
412 286 
467 445 
453 5 
403 228 
323 394 
285 195 
360 176 
467 457 
2 312 
213 170 
479 110 
60 89 
49 488 
172 15 
169 251 
50 448 
55 363 
84 377 
192 168 
127 9 
347 318 
308 89 
13 127 
27 285 
14 284 
123 299 
251 308 
218 381 
209 68 
292 143 
280 96 
168 89 
218 9 
59 387 
14 418 
179 244 
6 127 
300 243 
440 430 
268 197 
250 364 
354 477 
401 97 
460 83 
492 424 
399 427 
357 168 
213 11 
110 117 
430 39 
252 333 
48 341 
194 117 
153 460 
476 423 
194 318 
31 284 
368 481 
344 366 
430 488 
233 7 
234 430 
497 41 
318 495 
479 312 
475 255 
423 375 
475 355 
245 135 
219 11 
446 436 
213 375 
347 187 
142 179 
224 183 
310 166 
85 318 
185 68 
372 195 
263 142 
318 250 
418 7 
242 479 
254 219 
341 323 
406 292 
189 56 
17 154 
455 354 
59 318 
194 453 
327 27 
3 75 
9 242 
68 300 
300 50 
497 280 
41 123 
399 115 
55 377 
251 473 
11 17 
364 130 
403 363 
143 395 
453 497 
170 15 
115 365 
272 453 
437 69 
123 218 
273 290 
265 403 
219 149 
475 27 
434 243 
11 130 
115 185 
120 346 
333 263 
90 170 
21 39 
437 399 
179 463 
265 391 
135 224 
436 286 
387 283 
237 166 
84 445 
392 60 
89 245 
442 185 
60 176 
375 446 
440 318 
311 412 
401 323 
203 27 
277 254 
46 347 
265 206 
7 491 
493 403 
233 251 
120 186 
368 353 
95 55 
439 427 
433 448 
170 41 
479 433 
4 317 
374 43 
493 252 
284 60 
123 365 
467 371 
300 2 
475 388 
177 103 
56 387 
143 453 
13 433 
487 500 
39 277 
474 151 
430 35 
495 453 
446 346 
437 94 
95 263 
43 233 
120 50 
357 50 
429 121 
439 153 
145 476 
35 243 
433 168 
372 129 
186 369 
442 363 
318 376 
50 344 
429 120 
150 368 
96 456 
202 252 
209 181 
70 299 
14 3 
183 196 
177 412 
23 403 
152 292 
179 480 
145 446 
72 284 
456 300 
254 242 
493 442 
48 376 
96 442 
189 233 
4 68 
170 153 
354 391 
181 272 
179 155 
142 391 
181 110 
412 346 
327 310 
123 233 
268 93 
113 290 
83 464 
70 142 
476 479 
400 123 
153 150 
84 187 
214 317 
245 481 
196 318 
94 368 
250 480 
277 7 
23 95 
113 311 
154 170 
272 284 
335 196 
172 433 
214 135 
85 407 
155 448 
366 371 
369 195 
56 473 
459 372 
426 401 
117 311 
335 56 
160 197 
387 129 
282 110 
13 290 
364 194 
442 471 
497 308 
150 471 
150 473 
372 295 
51 265 
381 70 
234 383 
130 310 
492 255 
19 347 
365 349 
307 372 
192 233 
237 93 
145 403 
56 15 
434 11 
244 252 
48 75 
295 355 
464 155 
434 45 
433 197 
9 286 
364 206 
429 487 
296 90 
279 59 
214 155 
363 423 
463 426 
437 244 
166 113 
304 368 
115 15 
166 121 
133 196 
347 481 
407 51 
254 310 
456 97 
234 84 
418 445 
456 285 
251 386 
170 481 
491 304 
263 286 
273 357 
289 446 
463 14 
455 436 
484 38 
386 244 
191 375 
181 254 
477 376 
15 346 
254 406 
150 155 
15 213 
286 21 
167 43 
168 312 
279 244 
475 439 
242 403 
19 84 
55 89 
9 495 
387 288 
448 456 
189 250 
263 45 
113 434 
296 13 
375 123 
333 495 
449 412 
7 371 
213 392 
491 427 
365 94 
179 218 
484 46 
469 2 
386 283 
145 286 
480 268 
285 318 
464 430 
234 152 
31 138 
346 186 
254 127 
142 360 
143 233 
210 142 
186 63 
289 434 
228 354 
186 149 
123 177 
286 430 
110 27 
423 168 
310 243 
243 284 
228 143 
74 146 
21 183 
169 56 
475 187 
203 17 
412 427 
75 469 
492 476 
288 299 
21 210 
371 127 
285 133 
353 381 
349 375 
60 177 
145 372 
172 93 
120 456 
481 27 
366 327 
16 234 
233 459 
162 312 
203 479 
142 452 
63 149 
272 495 
459 453 
423 23 
440 233 
448 162 
295 113 
177 166 
176 372 
318 183 
72 327 
372 146 
152 475 
210 381 
387 194 
371 376 
172 346 
363 133 
250 121 
167 456 
209 273 
70 456 
155 255 
390 493 
308 412 
399 113 
289 467 
237 386 
252 406 
189 285 
403 474 
38 475 
43 155 
120 282 
449 6 
295 455 
467 377 
172 295 
375 401 
134 88 
69 476 
237 412 
401 477 
139 143 
145 196 
176 445 
285 456 
307 377 
383 491 
355 218 
162 90 
2 341 
296 386 
244 386 
457 341 
152 5 
94 89 
139 407 
280 192 
369 484 
369 50 
127 484 
9 269 
437 110 
401 446 
310 11 
203 234 
492 437 
192 268 
493 196 
156 471 
487 426 
390 383 
170 376 
177 11 
436 17 
354 49 
371 335 
3 167 
304 436 
94 154 
492 138 
13 268 
13 145 
153 27 
436 418 
495 151 
349 172 
97 386 
103 165 
63 406 
355 464 
300 247 
371 120 
391 285 
191 446 
457 74 
189 165 
5 254 
194 11 
4 90 
244 127 
456 89 
353 449 
277 124 
387 16 
442 412 
374 424 
388 429 
452 50 
392 377 
88 473 
189 284 
346 473 
179 456 
255 186 
133 221 
488 484 
308 495 
452 162 
381 39 
45 500 
390 440 
189 464 
43 491 
70 127 
434 168 
295 110 
443 255 
172 252 
375 360 
440 7 
268 376 
401 165 
206 364 
445 203 
110 323 
4 153 
327 403 
51 268 
386 310 
103 51 
9 172 
242 473 
442 372 
399 440 
191 383 
206 269 
317 21 
177 427 
46 308 
150 3 
263 280 
460 442 
197 143 
445 186 
280 97 
185 426 
51 196 
268 481 
335 129 
172 234 
45 467 
477 84 
279 103 
167 473 
272 277 
460 284 
31 103 
369 443 
459 233 
138 39 
138 349 
493 2 
403 191 
377 317 
283 415 
88 192 
433 197 
463 254 
245 94 
94 247 
442 401 
27 84 
160 179 
459 453 
145 16 
194 335 
63 335 
415 50 
430 27 
426 88 
430 224 
143 179 
145 85 
244 123 
265 269 
456 16 
464 38 
202 95 
392 60 
455 35 
460 436 
162 55 
172 85 
94 391 
377 455 
38 446 
418 333 
268 219 
181 219 
446 403 
360 151 
88 165 
146 423 
300 195 
75 401 
433 50 
179 376 
363 479 
418 365 
115 74 
423 386 
475 453 
243 170 
127 452 
403 449 
13 124 
244 310 
459 399 
218 185 
166 135 
357 243 
14 300 
495 335 
308 474 
49 492 
49 202 
437 43 
277 2 
349 386 
15 299 
354 138 
366 355 
394 310 
221 176 
284 467 
459 13 
206 35 
269 476 
368 35 
50 429 
440 45 
35 139 
237 251 
90 335 
335 280 
43 127 
375 357 
94 59 
407 374 
152 96 
165 374 
19 388 
457 149 
196 363 
288 145 
456 138 
5 474 
206 289 
5 459 
407 28 
415 433 
48 103 
480 93 
160 168 
290 146 
304 187 
495 143 
139 167 
318 310 
272 252 
154 189 
110 292 
308 168 
95 154 
50 218 
369 463 
9 282 
189 467 
323 90 
124 308 
189 423 
179 162 
177 168 
181 45 
407 17 
234 135 
252 149 
357 353 
480 84 
56 460 
433 16 
56 491 
459 63 
63 269 
192 437 
218 247 
43 16 
243 255 
94 15 
5 170 
244 412 
391 162 
169 381 
415 244 
155 55 
455 368 
250 273 
169 366 
299 3 
353 268 
357 153 
418 117 
285 146 
85 265 
433 177 
